00000000000000000000000000000000
00000000000000000000000000000000
00000033300000000000000033300000
00000030300000000000000030300000
00000033300000000000000033300000
00000000000000000000000000000000
00000000000000000000000000000000
00000033300000000000000033300000
00000030300000000000000030300000
00000033300000000000000033300000
00000000000000000000000000000000
00000000000000000000000000000000
00000033300000000000000033300000
00000030300000000000000030300000
00000033300000000000000033300000
00000000000000000000000000000000
00000000000000000000000000000000
00000000000000000000000000000000
00000033300000000000000033300000
00000030300000000000000030300000
00000033300000000000000033300000
00000000000000000000000000000000
00000000000000000000000000000000
00000033300000000000000033300000
00000030300000000000000030300000
00000033300000000000000033300000
00000000000000000000000000000000
00000000000000000000000000000000
00000033300000000000000033300000
00000030300000000000000030300000
00000033300000000000000033300000
00000000000000000000000000000000
00000000000000000000000000000000
E