00000000000000000000000000000000
00000000000000000000000000000000
00000000000000000000000000000000
00000000000000000000000000000000
00000000000000000000000000000000
00000000000000000000000000000000
00000000000000000000000000000000
00000000000000000000000000000000
00000000000000000000000000000000
00000033333333333333333330000000
00000030000000000000000030000000
00000030333333333333333030000000
00000030300000000000003030000000
00000030300000000000003030000000
00000030300000000000003030000000
00000030300000000000003030000000
00000030300000000000003030000000
00000030300000000000003030000000
00000030300000000000003030000000
00000030333333333333333030000000
00000030000000000000000030000000
00000033333333003333333330000000
00000030000000000000000030000000
00000030000000000000000030000000
00000030000000000000000030000000
00000000000000000000000000000000
00000033333333003333333330000000
00000000000000000000000000000000
00000000000000000000000000000000
00000000000000000000000000000000
00000000000000000000000000000000
00000000000000000000000000000000
E